7 0.55625 0.709375 0.5515625 0.2484375
6 0.36875 0.725 0.1078125 0.2109375
6 0.5140625 0.75 0.125 0.1671875
6 0.621875 0.7375 0.09375 0.190625
6 0.7046875 0.7203125 0.0703125 0.190625
6 0.7609375 0.6984375 0.0671875 0.1703125
6 0.809375 0.6828125 0.05 0.1515625
6 0.453125 0.6171875 0.05625 0.015625
6 0.5296875 0.60625 0.046875 0.0125
6 0.5890625 0.5984375 0.0375 0.0125
6 0.6328125 0.5921875 0.0390625 0.0140625
10 0.8125 0.6125 0.3375 0.13125
7 0.2765625 0.61875 0.1765625 0.1109375
6 0.215625 0.63125 0.0609375 0.0921875
6 0.278125 0.625 0.0578125 0.1
6 0.3359375 0.60625 0.0578125 0.0671875