7 0.55625 0.709375 0.55 0.25
6 0.36875 0.725 0.10625 0.2125
6 0.5140625 0.75 0.146875 0.146875
6 0.621875 0.7375 0.1421875 0.1421875
6 0.7046875 0.7203125 0.13125 0.13125
6 0.7609375 0.6984375 0.065625 0.171875
6 0.809375 0.6828125 0.1015625 0.1
6 0.453125 0.6171875 0.05625 0.015625
6 0.5296875 0.60625 0.046875 0.0125
6 0.5890625 0.5984375 0.0375 0.0125
6 0.6328125 0.5921875 0.028125 0.028125
10 0.8125 0.6125 0.234375 0.234375
7 0.2765625 0.61875 0.14375 0.14375
6 0.215625 0.63125 0.078125 0.078125
6 0.278125 0.625 0.05625 0.1
6 0.3359375 0.60625 0.0625 0.0625