7 0.49609375 0.71640625 0.4859375 0.484375
6 0.68203125 0.68671875 0.19375 0.1921875
6 0.546875 0.74609375 0.178125 0.1765625
6 0.4390625 0.76015625 0.1375 0.2078125
6 0.3546875 0.76328125 0.1578125 0.159375
6 0.29453125 0.75546875 0.10625 0.1828125
6 0.24375 0.75234375 0.1234375 0.121875
6 0.57421875 0.60234375 0.04375 0.04375
6 0.496875 0.61015625 0.0484375 0.0234375
6 0.4375 0.6171875 0.0296875 0.0296875
6 0.39375 0.621875 0.0328125 0.0328125
10 0.22421875 0.684375 0.359375 0.209375
7 0.7453125 0.5609375 0.1984375 0.1515625
6 0.8078125 0.55859375 0.09375 0.09375
6 0.7453125 0.56796875 0.0953125 0.0953125
6 0.68515625 0.56328125 0.0734375 0.0796875